<?xml version="1.0"?>
<opencv_storage>
<intrinsic type_id="opencv-matrix">
  <rows>3</rows>
  <cols>3</cols>
  <dt>d</dt>
  <data>
    1.7289698936964553e+04 0. 6.1194100644183834e+02 0.
    4.7113322707483821e+03 3.0694412706406268e+02 0. 0. 1.</data></intrinsic>
<distortion type_id="opencv-matrix">
  <rows>1</rows>
  <cols>5</cols>
  <dt>d</dt>
  <data>
    -6.6287911059283346e+01 1.4403914445747248e+04
    1.1442875801901846e+00 -1.0487340945037757e-01
    9.3950771107346853e+01</data></distortion>
</opencv_storage>
