<?xml version="1.0"?>
<opencv_storage>
<intrinsic type_id="opencv-matrix">
  <rows>3</rows>
  <cols>3</cols>
  <dt>d</dt>
  <data>
    1.0472236020918731e+03 0. 6.7543776600997649e+02 0.
    1.0503995818006674e+03 3.5409057134059412e+02 0. 0. 1.</data></intrinsic>
<distortion type_id="opencv-matrix">
  <rows>1</rows>
  <cols>5</cols>
  <dt>d</dt>
  <data>
    1.0186802293057384e-01 -1.9344907682173537e-01
    -3.4932487146095664e-03 1.3085732088572196e-02
    1.3837954141497782e-01</data></distortion>
</opencv_storage>
